1.000000000000000000e+00 2.000000000000000000e+00 -1.577866068492992102e-01 3.284846301643470134e+00
1.000000000000000000e+00 3.000000000000000000e+00 -2.384695812330154541e-01 5.005439233164100443e+00
1.000000000000000000e+00 4.000000000000000000e+00 -2.261725548594316348e-01 6.683510958617542741e+00
1.000000000000000000e+00 5.000000000000000000e+00 -1.907025413000402458e-01 8.284728520721424516e+00
1.000000000000000000e+00 6.000000000000000000e+00 -1.589611974309562137e-01 9.874334187900009496e+00
1.000000000000000000e+00 7.000000000000000000e+00 -1.474325270779056063e-01 1.135137270536509746e+01
1.000000000000000000e+00 8.000000000000000000e+00 -9.954130436086071343e-02 1.355509914934845384e+01
1.000000000000000000e+00 9.000000000000000000e+00 -9.847985810237391835e-02 1.377936199504305748e+01
1.000000000000000000e+00 1.000000000000000000e+01 -6.121007182293087406e-02 1.639401495649142859e+01
1.000000000000000000e+00 1.100000000000000000e+01 -5.361999658600669072e-02 1.856216972659939657e+01
1.000000000000000000e+00 1.200000000000000000e+01 -4.125711470678242176e-02 2.125883543828577871e+01
1.000000000000000000e+00 1.300000000000000000e+01 -3.865470965275992488e-02 2.417030464358405695e+01
1.000000000000000000e+00 1.400000000000000000e+01 -3.865470965275992488e-02 2.417030464358405695e+01
1.000000000000000000e+00 1.500000000000000000e+01 -3.560459460218313305e-02 2.610295683978300119e+01
1.000000000000000000e+00 1.600000000000000000e+01 -3.560459460218313305e-02 2.610295683978300119e+01
1.000000000000000000e+00 1.700000000000000000e+01 -3.560459460218313305e-02 2.610295683978300119e+01
1.000000000000000000e+00 1.800000000000000000e+01 -3.560459460218313305e-02 2.610295683978300119e+01
1.000000000000000000e+00 1.900000000000000000e+01 -1.672921586770648519e-02 2.814513483230072666e+01
1.000000000000000000e+00 2.000000000000000000e+01 -1.672921586770648519e-02 2.814513483230072666e+01
1.000000000000000000e+00 2.100000000000000000e+01 -1.672921586770648519e-02 2.814513483230072666e+01
1.000000000000000000e+00 2.200000000000000000e+01 -1.672921586770648519e-02 2.814513483230072666e+01
1.000000000000000000e+00 2.300000000000000000e+01 -1.034960856347193377e-02 3.006249311643412980e+01
1.000000000000000000e+00 2.400000000000000000e+01 -1.023098679495563828e-03 3.343042436188974165e+01
1.000000000000000000e+00 2.500000000000000000e+01 3.904502519844844921e-03 4.256890464214646386e+01
1.000000000000000000e+00 2.600000000000000000e+01 3.904502519844844921e-03 4.256890464214646386e+01
1.000000000000000000e+00 2.700000000000000000e+01 3.904502519844844921e-03 4.256890464214646386e+01
1.000000000000000000e+00 2.800000000000000000e+01 3.904502519844844921e-03 4.256890464214646386e+01
1.000000000000000000e+00 2.900000000000000000e+01 3.904502519844844921e-03 4.256890464214646386e+01
1.000000000000000000e+00 3.000000000000000000e+01 3.904502519844844921e-03 4.256890464214646386e+01
2.000000000000000000e+00 2.000000000000000000e+00 -9.414561303459842434e-02 3.642135406251356233e+00
2.000000000000000000e+00 3.000000000000000000e+00 -2.058735244870519843e-01 5.126516472403347180e+00
2.000000000000000000e+00 4.000000000000000000e+00 -2.139858667464239750e-01 6.543706002759894780e+00
2.000000000000000000e+00 5.000000000000000000e+00 -2.014582589165751780e-01 7.770430387379886561e+00
2.000000000000000000e+00 6.000000000000000000e+00 -1.929807042291162289e-01 8.770194246034764163e+00
2.000000000000000000e+00 7.000000000000000000e+00 -1.728825354961551763e-01 9.943325161243112831e+00
2.000000000000000000e+00 8.000000000000000000e+00 -1.218295395170508610e-01 1.211756649357647042e+01
2.000000000000000000e+00 9.000000000000000000e+00 -1.076352763258391909e-01 1.319015943895958465e+01
2.000000000000000000e+00 1.000000000000000000e+01 -8.815820375026402200e-02 1.457373629949070803e+01
2.000000000000000000e+00 1.100000000000000000e+01 -6.298280075558194968e-02 1.784776473301089084e+01
2.000000000000000000e+00 1.200000000000000000e+01 -4.777954387241586942e-02 2.092763569209323649e+01
2.000000000000000000e+00 1.300000000000000000e+01 -4.540325001343285816e-02 2.331960406564425980e+01
2.000000000000000000e+00 1.400000000000000000e+01 -3.939143338915894466e-02 2.514081181341659033e+01
2.000000000000000000e+00 1.500000000000000000e+01 -3.634125848191541164e-02 2.726523247311977372e+01
2.000000000000000000e+00 1.600000000000000000e+01 -3.634125848191541164e-02 2.726523247311977372e+01
2.000000000000000000e+00 1.700000000000000000e+01 -3.634125848191541164e-02 2.726523247311977372e+01
2.000000000000000000e+00 1.800000000000000000e+01 -3.634125848191541164e-02 2.726523247311977372e+01
2.000000000000000000e+00 1.900000000000000000e+01 -3.634125848191541164e-02 2.726523247311977372e+01
2.000000000000000000e+00 2.000000000000000000e+01 -3.634125848191541164e-02 2.726523247311977372e+01
2.000000000000000000e+00 2.100000000000000000e+01 -3.634125848191541164e-02 2.726523247311977372e+01
2.000000000000000000e+00 2.200000000000000000e+01 -3.634125848191541164e-02 2.726523247311977372e+01
2.000000000000000000e+00 2.300000000000000000e+01 -3.024779226430658954e-02 2.846489960152119636e+01
2.000000000000000000e+00 2.400000000000000000e+01 -3.024779226430658954e-02 2.846489960152119636e+01
2.000000000000000000e+00 2.500000000000000000e+01 -1.803378113080437301e-02 3.271947641544153385e+01
2.000000000000000000e+00 2.600000000000000000e+01 -1.803378113080437301e-02 3.271947641544153385e+01
2.000000000000000000e+00 2.700000000000000000e+01 -1.803378113080437301e-02 3.271947641544153385e+01
2.000000000000000000e+00 2.800000000000000000e+01 3.904502519844844921e-03 4.256890464214646386e+01
2.000000000000000000e+00 2.900000000000000000e+01 3.904502519844844921e-03 4.256890464214646386e+01
2.000000000000000000e+00 3.000000000000000000e+01 3.904502519844844921e-03 4.256890464214646386e+01
3.000000000000000000e+00 2.000000000000000000e+00 -5.078063802904918961e-02 4.051084442728964952e+00
3.000000000000000000e+00 3.000000000000000000e+00 -1.332269288866992640e-01 5.527967669054620004e+00
3.000000000000000000e+00 4.000000000000000000e+00 -1.500688698788538167e-01 6.393206550263744958e+00
3.000000000000000000e+00 5.000000000000000000e+00 -1.515473041278266042e-01 7.112826853705776387e+00
3.000000000000000000e+00 6.000000000000000000e+00 -1.510823826263426317e-01 7.978069857232445550e+00
3.000000000000000000e+00 7.000000000000000000e+00 -1.449828387102494176e-01 9.099868010060802703e+00
3.000000000000000000e+00 8.000000000000000000e+00 -1.265145512732420152e-01 1.023801032271360079e+01
3.000000000000000000e+00 9.000000000000000000e+00 -1.205030113831451477e-01 1.123992513219709544e+01
3.000000000000000000e+00 1.000000000000000000e+01 -1.030589088528600927e-01 1.275327947233032866e+01
3.000000000000000000e+00 1.100000000000000000e+01 -9.750210571762522871e-02 1.338973329904503018e+01
3.000000000000000000e+00 1.200000000000000000e+01 -9.326765506991850641e-02 1.448879096923715259e+01
3.000000000000000000e+00 1.300000000000000000e+01 -8.170819495145567601e-02 1.715723775677735574e+01
3.000000000000000000e+00 1.400000000000000000e+01 -6.886796813655915450e-02 1.836685144204926701e+01
3.000000000000000000e+00 1.500000000000000000e+01 -6.296451604360697729e-02 1.932127255345613293e+01
3.000000000000000000e+00 1.600000000000000000e+01 -6.573934422559017665e-02 1.942762316880198981e+01
3.000000000000000000e+00 1.700000000000000000e+01 -6.212244130093043382e-02 2.060420305431808075e+01
3.000000000000000000e+00 1.800000000000000000e+01 -4.710399389918548674e-02 2.329396483943392226e+01
3.000000000000000000e+00 1.900000000000000000e+01 -4.298479303673713448e-02 2.463686839084805413e+01
3.000000000000000000e+00 2.000000000000000000e+01 -4.298479303673713448e-02 2.463686839084805413e+01
3.000000000000000000e+00 2.100000000000000000e+01 -4.600550675520207605e-02 2.452384297199882823e+01
3.000000000000000000e+00 2.200000000000000000e+01 -4.731110270756386238e-02 2.382596814373497551e+01
3.000000000000000000e+00 2.300000000000000000e+01 -3.099063345265016742e-02 2.781146298220996016e+01
3.000000000000000000e+00 2.400000000000000000e+01 -3.099063345265016742e-02 2.781146298220996016e+01
3.000000000000000000e+00 2.500000000000000000e+01 -2.658794628972479396e-02 2.862924768747010518e+01
3.000000000000000000e+00 2.600000000000000000e+01 -2.658794628972479396e-02 2.862924768747010518e+01
3.000000000000000000e+00 2.700000000000000000e+01 -2.461647738296121601e-02 3.201349047256917402e+01
3.000000000000000000e+00 2.800000000000000000e+01 -7.082044745534677409e-03 3.652784415523623096e+01
3.000000000000000000e+00 2.900000000000000000e+01 -7.082044745534677409e-03 3.652784415523623096e+01
3.000000000000000000e+00 3.000000000000000000e+01 -7.082044745534677409e-03 3.652784415523623096e+01
4.000000000000000000e+00 2.000000000000000000e+00 -1.509022544711624558e-01 3.115640202130605552e+00
4.000000000000000000e+00 3.000000000000000000e+00 -1.457688424560900642e-01 4.680111476223054900e+00
4.000000000000000000e+00 4.000000000000000000e+00 -1.305873885279129065e-01 5.501462921389345340e+00
4.000000000000000000e+00 5.000000000000000000e+00 -1.177731144428586507e-01 6.203300615203682256e+00
4.000000000000000000e+00 6.000000000000000000e+00 -1.128961401816996613e-01 6.590082935705245504e+00
4.000000000000000000e+00 7.000000000000000000e+00 -1.054499835458427570e-01 6.935013353581279461e+00
4.000000000000000000e+00 8.000000000000000000e+00 -9.766644269205107531e-02 7.509171351856049448e+00
4.000000000000000000e+00 9.000000000000000000e+00 -1.000589274369865361e-01 8.198299319170420318e+00
4.000000000000000000e+00 1.000000000000000000e+01 -9.108650602454902712e-02 8.601091519307665578e+00
4.000000000000000000e+00 1.100000000000000000e+01 -9.282431663942712630e-02 9.491727994003319679e+00
4.000000000000000000e+00 1.200000000000000000e+01 -9.217002062972426413e-02 1.026253909944230891e+01
4.000000000000000000e+00 1.300000000000000000e+01 -8.569673973736073591e-02 1.105174170555323698e+01
4.000000000000000000e+00 1.400000000000000000e+01 -8.004194518565596606e-02 1.223063382487827511e+01
4.000000000000000000e+00 1.500000000000000000e+01 -7.388460202999921900e-02 1.280844518260602527e+01
4.000000000000000000e+00 1.600000000000000000e+01 -7.163012951444665266e-02 1.399471848497063498e+01
4.000000000000000000e+00 1.700000000000000000e+01 -7.856167119420855161e-02 1.398471242444435525e+01
4.000000000000000000e+00 1.800000000000000000e+01 -7.891444175941937644e-02 1.465328151498348319e+01
4.000000000000000000e+00 1.900000000000000000e+01 -6.622371152028427854e-02 1.570712334891002726e+01
4.000000000000000000e+00 2.000000000000000000e+01 -6.456041712527653409e-02 1.702135338232823969e+01
4.000000000000000000e+00 2.100000000000000000e+01 -6.049628645105132457e-02 1.824944299036103956e+01
4.000000000000000000e+00 2.200000000000000000e+01 -6.107229894357749100e-02 1.834206221905678547e+01
4.000000000000000000e+00 2.300000000000000000e+01 -5.107289180375423204e-02 1.900982542116123497e+01
4.000000000000000000e+00 2.400000000000000000e+01 -4.995791980156046724e-02 1.950746950778373545e+01
4.000000000000000000e+00 2.500000000000000000e+01 -3.743193645760133775e-02 2.057462118326692746e+01
4.000000000000000000e+00 2.600000000000000000e+01 -3.390484582027026433e-02 2.166569955736571274e+01
4.000000000000000000e+00 2.700000000000000000e+01 -3.188858240339725175e-02 2.217383655114529617e+01
4.000000000000000000e+00 2.800000000000000000e+01 -3.529306042794985721e-02 2.215164277011171023e+01
4.000000000000000000e+00 2.900000000000000000e+01 -3.415506673261084480e-02 2.307919067218936604e+01
4.000000000000000000e+00 3.000000000000000000e+01 -3.053118381565040479e-02 2.549449311354834791e+01
5.000000000000000000e+00 2.000000000000000000e+00 -1.832931876332972998e-01 2.884796096867402682e+00
5.000000000000000000e+00 3.000000000000000000e+00 -1.109090514890007373e-01 5.175885435258058997e+00
5.000000000000000000e+00 4.000000000000000000e+00 -8.230386132916799047e-02 6.858103190657719672e+00
5.000000000000000000e+00 5.000000000000000000e+00 -6.943102652292536259e-02 7.487392637290374076e+00
5.000000000000000000e+00 6.000000000000000000e+00 -6.714102799552551515e-02 7.364865433705323206e+00
5.000000000000000000e+00 7.000000000000000000e+00 -6.181353905200364512e-02 7.579140787530367795e+00
5.000000000000000000e+00 8.000000000000000000e+00 -5.412464963454188815e-02 7.200147319635092025e+00
5.000000000000000000e+00 9.000000000000000000e+00 -5.528848383043954984e-02 6.764566639690958283e+00
5.000000000000000000e+00 1.000000000000000000e+01 -5.529493802153702398e-02 7.190893167506684058e+00
5.000000000000000000e+00 1.100000000000000000e+01 -5.848370454730946605e-02 6.852581695972820519e+00
5.000000000000000000e+00 1.200000000000000000e+01 -6.283952575208756608e-02 6.705590426659472136e+00
5.000000000000000000e+00 1.300000000000000000e+01 -6.653919482068892943e-02 6.666021102347567506e+00
5.000000000000000000e+00 1.400000000000000000e+01 -6.714530044042722745e-02 6.637149721764473043e+00
5.000000000000000000e+00 1.500000000000000000e+01 -6.077913535962406466e-02 7.151864146591054627e+00
5.000000000000000000e+00 1.600000000000000000e+01 -5.843780473621301708e-02 7.576874928590348723e+00
5.000000000000000000e+00 1.700000000000000000e+01 -5.769303607230159836e-02 7.999063813640483467e+00
5.000000000000000000e+00 1.800000000000000000e+01 -6.151878343209082195e-02 8.349287751587656459e+00
5.000000000000000000e+00 1.900000000000000000e+01 -5.970629544701278740e-02 8.738241417902600006e+00
5.000000000000000000e+00 2.000000000000000000e+01 -5.409266751081000246e-02 9.074217756439974636e+00
5.000000000000000000e+00 2.100000000000000000e+01 -5.634022635727747169e-02 9.556680911751438856e+00
5.000000000000000000e+00 2.200000000000000000e+01 -5.833068093188292086e-02 1.021392077160861334e+01
5.000000000000000000e+00 2.300000000000000000e+01 -6.200961279775831642e-02 1.029509267200917577e+01
5.000000000000000000e+00 2.400000000000000000e+01 -5.801548508904895429e-02 1.064999730019572510e+01
5.000000000000000000e+00 2.500000000000000000e+01 -5.541045792784567853e-02 1.128106151885522301e+01
5.000000000000000000e+00 2.600000000000000000e+01 -5.610229363877847902e-02 1.176834838384334248e+01
5.000000000000000000e+00 2.700000000000000000e+01 -5.541231209343955993e-02 1.189568368509986485e+01
5.000000000000000000e+00 2.800000000000000000e+01 -4.630592526508134354e-02 1.217516843309028474e+01
5.000000000000000000e+00 2.900000000000000000e+01 -4.677958879664082664e-02 1.246113393139478909e+01
5.000000000000000000e+00 3.000000000000000000e+01 -4.520764193779967799e-02 1.343630709845470861e+01
6.000000000000000000e+00 2.000000000000000000e+00 -5.181951733038694941e-02 4.590282186008705523e+00
6.000000000000000000e+00 3.000000000000000000e+00 -1.325764586538607376e-02 1.283676008416968628e+01
6.000000000000000000e+00 4.000000000000000000e+00 -6.783534582601036776e-03 1.611707418714436812e+01
6.000000000000000000e+00 5.000000000000000000e+00 -2.823626845343014534e-05 2.217966137349802125e+01
6.000000000000000000e+00 6.000000000000000000e+00 -1.484914249126589034e-04 2.223578634440978874e+01
6.000000000000000000e+00 7.000000000000000000e+00 -2.839402438108830991e-04 2.232632906136848661e+01
6.000000000000000000e+00 8.000000000000000000e+00 -4.574477605783241682e-03 2.312548053249956936e+01
6.000000000000000000e+00 9.000000000000000000e+00 -4.678865510893706614e-03 2.316101804167836065e+01
6.000000000000000000e+00 1.000000000000000000e+01 -4.807706034145042828e-03 2.320775789580801884e+01
6.000000000000000000e+00 1.100000000000000000e+01 -8.360856594767688069e-03 1.916066771895864562e+01
6.000000000000000000e+00 1.200000000000000000e+01 -9.115846051057927349e-03 1.562262047242488094e+01
6.000000000000000000e+00 1.300000000000000000e+01 -9.980142893072415505e-03 1.321656574378415527e+01
6.000000000000000000e+00 1.400000000000000000e+01 -1.316147432514914659e-02 1.030415041621288275e+01
6.000000000000000000e+00 1.500000000000000000e+01 -1.418294126749315189e-02 1.057159505024348789e+01
6.000000000000000000e+00 1.600000000000000000e+01 -1.129397706660212677e-02 1.364099106582266785e+01
6.000000000000000000e+00 1.700000000000000000e+01 -1.874123736807616417e-02 9.656849323714025601e+00
6.000000000000000000e+00 1.800000000000000000e+01 -2.123335146998064221e-02 9.677223063894421884e+00
6.000000000000000000e+00 1.900000000000000000e+01 -2.124228147422533436e-02 9.729465527052338913e+00
6.000000000000000000e+00 2.000000000000000000e+01 -2.325918198332174031e-02 9.080928985279133059e+00
6.000000000000000000e+00 2.100000000000000000e+01 -2.125760873530126854e-02 9.876633264256152955e+00
6.000000000000000000e+00 2.200000000000000000e+01 -2.251307682807207958e-02 9.908617113215777650e+00
6.000000000000000000e+00 2.300000000000000000e+01 -2.174105769060733287e-02 1.000239443715303089e+01
6.000000000000000000e+00 2.400000000000000000e+01 -2.066773227303916882e-02 1.093025230106679757e+01
6.000000000000000000e+00 2.500000000000000000e+01 -2.231308552154826277e-02 1.045615231840757708e+01
6.000000000000000000e+00 2.600000000000000000e+01 -2.329271328724378046e-02 9.547868353579605838e+00
6.000000000000000000e+00 2.700000000000000000e+01 -2.204073253630983720e-02 1.017815782094501742e+01
6.000000000000000000e+00 2.800000000000000000e+01 -1.943223015526546193e-02 8.702190297154311693e+00
6.000000000000000000e+00 2.900000000000000000e+01 -2.224092232691888063e-02 7.925635667399384410e+00
6.000000000000000000e+00 3.000000000000000000e+01 -2.566568438548293488e-02 7.407312925334827547e+00
7.000000000000000000e+00 2.000000000000000000e+00 7.546406788213654362e-03 1.196570362259069764e+00
7.000000000000000000e+00 3.000000000000000000e+00 7.546406788213654362e-03 1.196570362259069764e+00
7.000000000000000000e+00 4.000000000000000000e+00 7.546406788213654362e-03 1.196570362259069764e+00
7.000000000000000000e+00 5.000000000000000000e+00 7.546406788213654362e-03 1.196570362259069764e+00
7.000000000000000000e+00 6.000000000000000000e+00 7.546406788213654362e-03 1.196570362259069764e+00
7.000000000000000000e+00 7.000000000000000000e+00 7.546406788213654362e-03 1.196570362259069764e+00
7.000000000000000000e+00 8.000000000000000000e+00 7.546406788213654362e-03 1.196570362259069764e+00
7.000000000000000000e+00 9.000000000000000000e+00 7.546406788213654362e-03 1.196570362259069764e+00
7.000000000000000000e+00 1.000000000000000000e+01 7.546406788213654362e-03 1.196570362259069764e+00
7.000000000000000000e+00 1.100000000000000000e+01 7.546406788213654362e-03 1.196570362259069764e+00
7.000000000000000000e+00 1.200000000000000000e+01 7.546406788213654362e-03 1.196570362259069764e+00
7.000000000000000000e+00 1.300000000000000000e+01 7.546406788213654362e-03 1.196570362259069764e+00
7.000000000000000000e+00 1.400000000000000000e+01 7.546406788213654362e-03 1.196570362259069764e+00
7.000000000000000000e+00 1.500000000000000000e+01 7.546406788213654362e-03 1.196570362259069764e+00
7.000000000000000000e+00 1.600000000000000000e+01 7.546406788213654362e-03 1.196570362259069764e+00
7.000000000000000000e+00 1.700000000000000000e+01 7.546406788213654362e-03 1.196570362259069764e+00
7.000000000000000000e+00 1.800000000000000000e+01 7.546406788213654362e-03 1.196570362259069764e+00
7.000000000000000000e+00 1.900000000000000000e+01 7.546406788213654362e-03 1.196570362259069764e+00
7.000000000000000000e+00 2.000000000000000000e+01 7.546406788213654362e-03 1.196570362259069764e+00
7.000000000000000000e+00 2.100000000000000000e+01 7.546406788213654362e-03 1.196570362259069764e+00
7.000000000000000000e+00 2.200000000000000000e+01 7.546406788213654362e-03 1.196570362259069764e+00
7.000000000000000000e+00 2.300000000000000000e+01 7.546406788213654362e-03 1.196570362259069764e+00
7.000000000000000000e+00 2.400000000000000000e+01 7.546406788213654362e-03 1.196570362259069764e+00
7.000000000000000000e+00 2.500000000000000000e+01 7.546406788213654362e-03 1.196570362259069764e+00
7.000000000000000000e+00 2.600000000000000000e+01 7.546406788213654362e-03 1.196570362259069764e+00
7.000000000000000000e+00 2.700000000000000000e+01 7.390833125378253217e-03 1.243295946508122141e+00
7.000000000000000000e+00 2.800000000000000000e+01 7.390833125378253217e-03 1.243295946508122141e+00
7.000000000000000000e+00 2.900000000000000000e+01 7.296885299442329789e-03 1.289217601015409276e+00
7.000000000000000000e+00 3.000000000000000000e+01 7.296885299442329789e-03 1.289217601015409276e+00
8.000000000000000000e+00 2.000000000000000000e+00 7.546406788213654362e-03 1.196570362259069764e+00
8.000000000000000000e+00 3.000000000000000000e+00 7.546406788213654362e-03 1.196570362259069764e+00
8.000000000000000000e+00 4.000000000000000000e+00 7.546406788213654362e-03 1.196570362259069764e+00
8.000000000000000000e+00 5.000000000000000000e+00 7.546406788213654362e-03 1.196570362259069764e+00
8.000000000000000000e+00 6.000000000000000000e+00 7.546406788213654362e-03 1.196570362259069764e+00
8.000000000000000000e+00 7.000000000000000000e+00 7.546406788213654362e-03 1.196570362259069764e+00
8.000000000000000000e+00 8.000000000000000000e+00 7.546406788213654362e-03 1.196570362259069764e+00
8.000000000000000000e+00 9.000000000000000000e+00 7.546406788213654362e-03 1.196570362259069764e+00
8.000000000000000000e+00 1.000000000000000000e+01 7.546406788213654362e-03 1.196570362259069764e+00
8.000000000000000000e+00 1.100000000000000000e+01 7.546406788213654362e-03 1.196570362259069764e+00
8.000000000000000000e+00 1.200000000000000000e+01 7.546406788213654362e-03 1.196570362259069764e+00
8.000000000000000000e+00 1.300000000000000000e+01 7.546406788213654362e-03 1.196570362259069764e+00
8.000000000000000000e+00 1.400000000000000000e+01 7.546406788213654362e-03 1.196570362259069764e+00
8.000000000000000000e+00 1.500000000000000000e+01 7.546406788213654362e-03 1.196570362259069764e+00
8.000000000000000000e+00 1.600000000000000000e+01 7.546406788213654362e-03 1.196570362259069764e+00
8.000000000000000000e+00 1.700000000000000000e+01 7.546406788213654362e-03 1.196570362259069764e+00
8.000000000000000000e+00 1.800000000000000000e+01 7.546406788213654362e-03 1.196570362259069764e+00
8.000000000000000000e+00 1.900000000000000000e+01 7.546406788213654362e-03 1.196570362259069764e+00
8.000000000000000000e+00 2.000000000000000000e+01 7.546406788213654362e-03 1.196570362259069764e+00
8.000000000000000000e+00 2.100000000000000000e+01 7.546406788213654362e-03 1.196570362259069764e+00
8.000000000000000000e+00 2.200000000000000000e+01 7.546406788213654362e-03 1.196570362259069764e+00
8.000000000000000000e+00 2.300000000000000000e+01 7.546406788213654362e-03 1.196570362259069764e+00
8.000000000000000000e+00 2.400000000000000000e+01 7.546406788213654362e-03 1.196570362259069764e+00
8.000000000000000000e+00 2.500000000000000000e+01 7.546406788213654362e-03 1.196570362259069764e+00
8.000000000000000000e+00 2.600000000000000000e+01 7.546406788213654362e-03 1.196570362259069764e+00
8.000000000000000000e+00 2.700000000000000000e+01 7.546406788213654362e-03 1.196570362259069764e+00
8.000000000000000000e+00 2.800000000000000000e+01 7.546406788213654362e-03 1.196570362259069764e+00
8.000000000000000000e+00 2.900000000000000000e+01 7.546406788213654362e-03 1.196570362259069764e+00
8.000000000000000000e+00 3.000000000000000000e+01 7.546406788213654362e-03 1.196570362259069764e+00
9.000000000000000000e+00 2.000000000000000000e+00 7.546406788213654362e-03 1.196570362259069764e+00
9.000000000000000000e+00 3.000000000000000000e+00 7.546406788213654362e-03 1.196570362259069764e+00
9.000000000000000000e+00 4.000000000000000000e+00 7.546406788213654362e-03 1.196570362259069764e+00
9.000000000000000000e+00 5.000000000000000000e+00 7.546406788213654362e-03 1.196570362259069764e+00
9.000000000000000000e+00 6.000000000000000000e+00 7.546406788213654362e-03 1.196570362259069764e+00
9.000000000000000000e+00 7.000000000000000000e+00 7.546406788213654362e-03 1.196570362259069764e+00
9.000000000000000000e+00 8.000000000000000000e+00 7.546406788213654362e-03 1.196570362259069764e+00
9.000000000000000000e+00 9.000000000000000000e+00 7.546406788213654362e-03 1.196570362259069764e+00
9.000000000000000000e+00 1.000000000000000000e+01 7.546406788213654362e-03 1.196570362259069764e+00
9.000000000000000000e+00 1.100000000000000000e+01 7.546406788213654362e-03 1.196570362259069764e+00
9.000000000000000000e+00 1.200000000000000000e+01 7.546406788213654362e-03 1.196570362259069764e+00
9.000000000000000000e+00 1.300000000000000000e+01 7.546406788213654362e-03 1.196570362259069764e+00
9.000000000000000000e+00 1.400000000000000000e+01 7.546406788213654362e-03 1.196570362259069764e+00
9.000000000000000000e+00 1.500000000000000000e+01 7.546406788213654362e-03 1.196570362259069764e+00
9.000000000000000000e+00 1.600000000000000000e+01 7.546406788213654362e-03 1.196570362259069764e+00
9.000000000000000000e+00 1.700000000000000000e+01 7.546406788213654362e-03 1.196570362259069764e+00
9.000000000000000000e+00 1.800000000000000000e+01 7.546406788213654362e-03 1.196570362259069764e+00
9.000000000000000000e+00 1.900000000000000000e+01 7.546406788213654362e-03 1.196570362259069764e+00
9.000000000000000000e+00 2.000000000000000000e+01 7.546406788213654362e-03 1.196570362259069764e+00
9.000000000000000000e+00 2.100000000000000000e+01 7.546406788213654362e-03 1.196570362259069764e+00
9.000000000000000000e+00 2.200000000000000000e+01 7.546406788213654362e-03 1.196570362259069764e+00
9.000000000000000000e+00 2.300000000000000000e+01 7.546406788213654362e-03 1.196570362259069764e+00
9.000000000000000000e+00 2.400000000000000000e+01 7.546406788213654362e-03 1.196570362259069764e+00
9.000000000000000000e+00 2.500000000000000000e+01 7.546406788213654362e-03 1.196570362259069764e+00
9.000000000000000000e+00 2.600000000000000000e+01 7.546406788213654362e-03 1.196570362259069764e+00
9.000000000000000000e+00 2.700000000000000000e+01 7.546406788213654362e-03 1.196570362259069764e+00
9.000000000000000000e+00 2.800000000000000000e+01 7.546406788213654362e-03 1.196570362259069764e+00
9.000000000000000000e+00 2.900000000000000000e+01 7.546406788213654362e-03 1.196570362259069764e+00
9.000000000000000000e+00 3.000000000000000000e+01 7.546406788213654362e-03 1.196570362259069764e+00
